1710193843561 0.5163339295170524 0
1710193846529 0.37526667389002716 1
1710193848690 0.3133542043241588 2
1710193850804 0.28851446509361267 3
1710193852977 0.23626584221016278 4
1710193855127 0.2192660163749348 5
1710193857158 0.20390790362249722 6
1710193859316 0.19157392192970624 7
1710193861410 0.18198320134119553 8
1710193863548 0.17618237097154965 9
1710193865575 0.16869779642332683 10
1710193867577 0.16607506945729256 11
1710193869588 0.1529628929089416 12
1710193871607 0.15842076966708357 13
1710193873619 0.1430950334126299 14
1710193875628 0.13909928839315067 15
1710193877653 0.13771917806430298 16
1710193877809 0.13166088915684007 17
1710193879870 0.12650307877497238 18
1710193881925 0.12370001152157784 19
1710193883958 0.11555195938457143 20
1710193886002 0.10963217643174258 21
1710193888025 0.11061568930745125 22
1710193890054 0.10760999572548 23
1710193892081 0.10428867895494807 24
1710193892232 0.10141732950102199 25
1710193894268 0.10216846012256363 26
1710193894419 0.09235947477546605 27
1710193896459 0.09319187565283342 28
1710193898507 0.0882372845980254 29
1710193900565 0.09521804106506435 30
1710193902607 0.0919078542766246 31
1710193904668 0.09442431852221489 32
1710193906686 0.09029020877047018 33
1710193908773 0.08469938283616846 34
1710193910815 0.08125674775378271 35
1710193912875 0.08447304401885379 36
1710193914906 0.081867208535021 37
1710193916942 0.07922683757814494 38
1710193918971 0.08213983797891573 39
1710193919109 0.08029087920757857 40
1710193921138 0.07814104363999584 41
1710193923170 0.0766065406867049 42
1710193925197 0.08120807260274887 43
1710193925337 0.07770444876091047 44
1710193927363 0.07456298020075668 45
1710193927503 0.07114806466481903 46
1710193929546 0.07282124256545847 47
1710193931583 0.07068589905446226 48
1710193931737 0.07112598503855141 49
1710193931879 0.0718716581098058 50
1710193933917 0.0710246337747032 51
1710193935960 0.07219190912490542 52
1710193936103 0.07037276554514062 53
1710193938137 0.07468299381434917 54
1710193938277 0.0673609430139715 55
1710193940316 0.0670803485607559 56
1710193940462 0.06707530773498795 57
1710193942507 0.06826758181506937 58
1710193942657 0.06692813709378242 59
1710193944693 0.06604428894140503 60
1710193946763 0.0646909223022786 61
1710193946916 0.06705656783147292 62
1710193948956 0.06535060212693432 63
1710193949098 0.06877760267393156 64
1710193951129 0.06381142596629533 65
1710193951269 0.06492462415586818 66
1710193951415 0.061401102183894676 67
1710193951555 0.06445993008938702 68
1710193951707 0.06437212161042473 69
1710193953724 0.06144465015015819 70
1710193955758 0.06177599999037656 71
1710193955904 0.06155105968090621 72
1710193956053 0.061888126148418945 73
1710193958098 0.059504461559382354 74
1710193958242 0.06376466595313766 75
1710193958400 0.060881898484446785 76
1710193960438 0.05901549096134576 77
1710193962481 0.0579851796342568 78
1710193964521 0.060185064815662125 79
1710193966550 0.05833366547118534 80
1710193966703 0.05914646082303741 81
1710193968756 0.05808137645098296 82
1710193970775 0.05693143148991195 83
1710193972829 0.058271130208264695 84
1710193972991 0.059674418192695484 85
1710193975058 0.05620202100412412 86
1710193975203 0.054783440618352455 87
1710193975343 0.05844265188683163 88
1710193977381 0.055624819953333245 89
1710193977521 0.05510492267256433 90
1710193977673 0.05627305229956454 91
1710193977817 0.055876791646534744 92
1710193979867 0.05530177971178835 93
1710193980027 0.05598995699123903 94
1710193980184 0.05576102604920214 95
1710193982240 0.055996653539213265 96
1710193982401 0.05593885726888071 97
1710193982562 0.05481415749950842 98
1710193982724 0.054654844951900566 99
