1710109934988 0.40703762624714823 0
1710109940469 0.1876764364741944 1
1710109943270 0.13816980755812414 2
1710109945929 0.11303496747403531 3
1710109948659 0.09861642305512686 4
1710109951327 0.09260644342850995 5
1710109954021 0.08686584868543856 6
1710109956810 0.08262743396130769 7
1710109959809 0.07952021684598279 8
1710109962653 0.07929363156089912 9
1710109965744 0.07765936714571875 10
1710109966713 0.07612803123287253 11
1710109969753 0.07512874194496387 12
1710109972816 0.07539334522711263 13
1710109975637 0.07409351101598224 14
1710109978489 0.07390480007271509 15
1710109981342 0.0727435123074699 16
1710109984380 0.07318606946516681 17
1710109987374 0.07212539649492986 18
1710109990374 0.07113949819593816 19
1710109993513 0.07156530709282773 20
1710109996477 0.07035019721936535 21
1710109999232 0.07003644835707304 22
1710110002193 0.06980748326593154 23
1710110005036 0.06959934748105101 24
1710110007736 0.06884596057840296 25
1710110010677 0.06931635319582514 26
1710110011663 0.06837472442436862 27
1710110012619 0.06833001129530572 28
1710110015406 0.06836618688460942 29
1710110018155 0.06820881918475434 30
1710110021029 0.06733458195183728 31
1710110023785 0.06780520381556975 32
1710110026440 0.06712352369685431 33
1710110029202 0.06670864302967046 34
1710110031877 0.0669876735355403 35
1710110032767 0.06601886686843794 36
1710110035406 0.06631817429049595 37
1710110038121 0.0664294538062972 38
1710110040864 0.06612258804206912 39
1710110041808 0.06605618684678465 40
1710110044686 0.06646334790700191 41
1710110045622 0.06558031687462652 42
1710110046537 0.06485892640980515 43
1710110049234 0.06553855111470093 44
1710110050147 0.06489793044087049 45
1710110053005 0.06522721566662595 46
1710110053926 0.06527551426678091 47
1710110056722 0.06485681055566749 48
1710110057708 0.0645118382834905 49
1710110060521 0.06495337820536382 50
1710110063345 0.0646026700332358 51
1710110064392 0.06387520589538523 52
1710110067272 0.06408590609962876 53
1710110070091 0.06430336392006358 54
1710110072907 0.06378246846835356 55
1710110073832 0.06368204637153728 56
1710110076847 0.06387678165290807 57
1710110079611 0.06379369328150879 58
1710110082549 0.06364981338784502 59
1710110083549 0.06280790444564174 60
1710110086295 0.06342680630450313 61
1710110087265 0.062754442703885 62
1710110089917 0.06310518684016692 63
1710110092574 0.06343804447836167 64
1710110095275 0.06272112450285537 65
1710110097991 0.062327435934865796 66
1710110098877 0.06299843848557085 67
1710110101601 0.062128179832487494 68
1710110104306 0.06233322737184731 69
1710110107021 0.06201358098234679 70
1710110109690 0.06218956370611448 71
1710110112667 0.061794121855416814 72
1710110115455 0.06164353141510809 73
1710110118394 0.06176962502099372 74
1710110121422 0.06095910243488647 75
1710110122363 0.061576180965513795 76
1710110125273 0.06136354279477854 77
1710110128027 0.06144188680761569 78
1710110130818 0.061556276447466904 79
1710110131878 0.06111123338341713 80
1710110134725 0.06104322627589509 81
1710110135702 0.060865980185366965 82
1710110136631 0.061057602161088506 83
1710110139282 0.06065512954987384 84
1710110141942 0.06039266362786293 85
1710110144623 0.060139619468434435 86
1710110147308 0.05996022751001087 87
1710110148157 0.06011568106509544 88
1710110150794 0.059776696603040434 89
1710110153476 0.06019598807434778 90
1710110156361 0.05988867144931007 91
1710110159250 0.05965101154068032 92
1710110160204 0.05956632004597703 93
1710110162917 0.059630626651483616 94
1710110165747 0.0595407516066287 95
1710110168481 0.059035403150561695 96
1710110171184 0.059459661581629034 97
1710110173832 0.059137359593768375 98
1710110176562 0.059136351479871854 99
