1710102496038 0.4200827522857769 0
1710102500131 0.18273552362177822 1
1710102503121 0.14386041788636028 2
1710102506093 0.12139428853988647 3
1710102509282 0.10865084436294195 4
1710102512367 0.10064555332064629 5
1710102515457 0.09395889500911171 6
1710102518455 0.08926731946097838 7
1710102521417 0.086037289411635 8
1710102524370 0.08247630821691977 9
1710102527333 0.08120124013842762 10
1710102530448 0.07836413041159913 11
1710102533544 0.07697122525927183 12
1710102536576 0.07597960126963822 13
1710102539571 0.07414352384370726 14
1710102542744 0.07363636326548216 15
1710102545792 0.07225389814860111 16
1710102548923 0.07250914005814373 17
1710102552051 0.0713945788507526 18
1710102555200 0.07029717159835068 19
1710102558408 0.06964931514214825 20
1710102561666 0.06959088020832152 21
1710102564772 0.06895601084908924 22
1710102567799 0.06781587598694337 23
1710102570797 0.06702905750355205 24
1710102573741 0.06613073777910826 25
1710102576672 0.06677378326453068 26
1710102579648 0.06555177887549271 27
1710102582938 0.06587026537068792 28
1710102586001 0.0657691191881895 29
1710102589124 0.06505623538349126 30
1710102592319 0.06486695263836835 31
1710102595476 0.06437573515482851 32
1710102598580 0.0642233357236192 33
1710102601670 0.06426061363639059 34
1710102604746 0.06317166301446991 35
1710102605943 0.06392229145040383 36
1710102608964 0.06355753307406967 37
1710102612031 0.06304017521843717 38
1710102615071 0.06258550167486475 39
1710102618119 0.0630742586746409 40
1710102621256 0.06246026646647904 41
1710102624418 0.06250726590688165 42
1710102627449 0.06252380157443317 43
1710102630578 0.06213852225525959 44
1710102631798 0.061908383566785505 45
1710102634916 0.06201988216992971 46
1710102637937 0.061691246322683385 47
1710102640961 0.06175530745169601 48
1710102642111 0.06113155178121618 49
1710102645048 0.06101171001791954 50
1710102648022 0.061190541219469666 51
1710102650934 0.060391964290190385 52
1710102653904 0.06038056470051005 53
1710102656834 0.06072891643522559 54
1710102657994 0.06025097810134694 55
1710102659147 0.06065082508768584 56
1710102662071 0.059979450924170986 57
1710102664943 0.05980618799457679 58
1710102667874 0.05956128780302164 59
1710102670973 0.059104944070851484 60
1710102672170 0.058831462958777274 61
1710102675166 0.05925967626877733 62
1710102678161 0.05891485642138365 63
1710102679342 0.05852920536858004 64
1710102680590 0.058625597486624846 65
1710102683569 0.05847908159768259 66
1710102684770 0.057908753788954506 67
1710102687741 0.058204907319835714 68
1710102690618 0.05802482276953556 69
1710102693531 0.05814867078049763 70
1710102696400 0.0571963913638044 71
1710102697506 0.057323542690357644 72
1710102700398 0.057282594390012126 73
1710102703311 0.05712438425099527 74
1710102706164 0.056595145206193666 75
1710102709070 0.0567568523758972 76
1710102711967 0.056314397150197544 77
1710102713068 0.05643642091670552 78
1710102716203 0.05566100816468935 79
1710102719280 0.05583908839805706 80
1710102722311 0.055556373207553016 81
1710102725277 0.05512962367486309 82
1710102726453 0.055000378815708933 83
1710102727694 0.054764487000333296 84
1710102730749 0.054780521586134626 85
1710102733986 0.05484198146575206 86
1710102737077 0.05438805247682172 87
1710102738334 0.05435317537269077 88
1710102739690 0.05392364682377996 89
1710102742806 0.05381152415396394 90
1710102745920 0.05366443007983066 91
1710102749079 0.05339373846513194 92
1710102750289 0.05343278585052168 93
1710102753388 0.05327643580936097 94
1710102754745 0.0529172875490543 95
1710102757966 0.05257432835327613 96
1710102761222 0.052440932594441075 97
1710102764376 0.05217301420666076 98
1710102767393 0.05213797486110314 99
