1710102151744 0.4433879639651324 0
1710102155757 0.19511664034547033 1
1710102158747 0.14564858610565598 2
1710102161800 0.11745031520321562 3
1710102164853 0.10389992862537101 4
1710102167869 0.09358938984774254 5
1710102170924 0.08723844819374986 6
1710102174019 0.08255964275952932 7
1710102177064 0.08054537469068089 8
1710102180167 0.07635869885215889 9
1710102183266 0.07550044345694619 10
1710102186269 0.07384375513002679 11
1710102189354 0.07309337771824888 12
1710102192361 0.07167543557447356 13
1710102195348 0.07087783473166259 14
1710102198255 0.0705335091094713 15
1710102201276 0.06875693061061808 16
1710102204279 0.06862113375116038 17
1710102207237 0.06875300663145813 18
1710102210205 0.06784582299155158 19
1710102213205 0.06697534711377041 20
1710102216276 0.0668145500928969 21
1710102219380 0.06704988060770808 22
1710102222424 0.06648890370049992 23
1710102225420 0.065292564578153 24
1710102228468 0.06498142456686175 25
1710102231454 0.0656690702043675 26
1710102234496 0.06503103027069891 27
1710102237477 0.06474757949645454 28
1710102238702 0.06446448298724922 29
1710102241765 0.0645768935615952 30
1710102244818 0.06364606151709686 31
1710102247886 0.06396447387901512 32
1710102251138 0.06322728333038252 33
1710102254369 0.06362968079141669 34
1710102255571 0.06337686724759437 35
1710102258639 0.0633622001957249 36
1710102261784 0.06287363636735323 37
1710102264752 0.06285221109519133 38
1710102267831 0.06264254835409087 39
1710102271064 0.06250626100478945 40
1710102273996 0.062191973203742826 41
1710102277093 0.06212196223236419 42
1710102280160 0.06232817011910516 43
1710102283321 0.06191464938424729 44
1710102284490 0.061984617645676074 45
1710102287545 0.06206315514203664 46
1710102290565 0.06157542209367494 47
1710102293707 0.060818713772538543 48
1710102296701 0.061385717061725825 49
1710102299723 0.061104339824335 50
1710102302952 0.061313063449956275 51
1710102304175 0.06084048499328059 52
1710102307304 0.06078642979264259 53
1710102310377 0.06052479810408644 54
1710102313447 0.06036800228663393 55
1710102316437 0.06001106371750703 56
1710102317583 0.060014592775621926 57
1710102320485 0.05971965182673287 58
1710102323676 0.059453852394142664 59
1710102324912 0.05946394849467922 60
1710102327988 0.059671345413536636 61
1710102331076 0.05895814751652447 62
1710102332254 0.058690929231611455 63
1710102335263 0.05844222292102672 64
1710102338229 0.05895226350104486 65
1710102339448 0.0587927327063438 66
1710102342361 0.058406941612830034 67
1710102345296 0.05847549875443046 68
1710102348217 0.05833806546555983 69
1710102349507 0.05796322545691116 70
1710102352430 0.05781729166974892 71
1710102355354 0.057487335569552475 72
1710102356515 0.05759501943515765 73
1710102359494 0.057268053957739394 74
1710102360760 0.05683925981457169 75
1710102363868 0.05646191156796507 76
1710102366810 0.05637407337088843 77
1710102368015 0.05635117887443787 78
1710102369332 0.056287157616099794 79
1710102372624 0.05598743627401623 80
1710102375667 0.05557255346227337 81
1710102378671 0.05563172556057169 82
1710102379839 0.055407265291826144 83
1710102382791 0.055130928734669814 84
1710102385684 0.055171743166205045 85
1710102388588 0.05456346815099587 86
1710102391530 0.054466157356226765 87
1710102394441 0.05453155464618593 88
1710102395615 0.05415263861619137 89
1710102398523 0.0544261282259548 90
1710102399692 0.05384160424205097 91
1710102400856 0.05341907225146487 92
1710102403832 0.05349538959562779 93
1710102405041 0.05310285954257926 94
1710102406278 0.052911313572848166 95
1710102409379 0.05269847495128979 96
1710102412414 0.05276793135783157 97
1710102415534 0.05237798651529325 98
1710102416708 0.052239054209879926 99
