1710110981247 0.2941569843002268 0
1710110985330 0.18573429548257106 1
1710110988005 0.13378312680366877 2
1710110990691 0.11055066448611182 3
1710110993386 0.09551840575562941 4
1710110996122 0.08748045376426465 5
1710110998844 0.08355011954098135 6
1710111001555 0.07970529561107223 7
1710111004265 0.07767842385817218 8
1710111006921 0.07637596970071664 9
1710111009661 0.07468996371167737 10
1710111012362 0.07355758825669417 11
1710111015102 0.0722277698685994 12
1710111017787 0.07097827504212792 13
1710111020554 0.07050251805701771 14
1710111023280 0.07027678676956409 15
1710111025986 0.0694609988984224 16
1710111028686 0.06864340550996162 17
1710111031414 0.06847291399498244 18
1710111034105 0.06770175953169127 19
1710111036795 0.06780116761455665 20
1710111039535 0.06690198948254457 21
1710111042241 0.0667175064618523 22
1710111045048 0.06692508404722085 23
1710111047762 0.06568913896744316 24
1710111050599 0.06531326368048385 25
1710111053367 0.06511501355751141 26
1710111056129 0.06484976445098181 27
1710111057141 0.06485236867054088 28
1710111059834 0.06430629286411646 29
1710111062533 0.06411623266097662 30
1710111063490 0.06402759444270585 31
1710111064422 0.0634951814002282 32
1710111067187 0.06358002049697412 33
1710111069906 0.06300018337127325 34
1710111072622 0.06287065392007699 35
1710111075382 0.06341317258775234 36
1710111078087 0.06299844589587804 37
1710111080820 0.06317536154308835 38
1710111083514 0.0628565944831919 39
1710111086230 0.06253134771376043 40
1710111088958 0.06205448439797839 41
1710111091655 0.06197135684055251 42
1710111094371 0.06144658234473821 43
1710111097090 0.06198733925215296 44
1710111099908 0.06137815286984315 45
1710111100888 0.06197496458283953 46
1710111103590 0.06123820120418394 47
1710111106388 0.061842553891442914 48
1710111109139 0.06145940500538091 49
1710111111885 0.06118224035646464 50
1710111114711 0.06065423843022939 51
1710111115663 0.06111903395000342 52
1710111116665 0.060368671650822096 53
1710111119401 0.060584606109438714 54
1710111122105 0.0603383351218056 55
1710111123152 0.060282789502997654 56
1710111125937 0.060126513091696275 57
1710111128695 0.05954728822249013 58
1710111129743 0.059859105622446215 59
1710111130732 0.05989736328656609 60
1710111133540 0.05921705858530225 61
1710111134519 0.059676462734067764 62
1710111135561 0.05959818311841101 63
1710111138293 0.05942446333733765 64
1710111139285 0.059629663251139026 65
1710111142027 0.0592990650619204 66
1710111144759 0.058923458217366324 67
1710111145707 0.059266910732195185 68
1710111148447 0.05851492978431083 69
1710111149435 0.058705715593454 70
1710111152174 0.058431821910513417 71
1710111154983 0.05830867605636249 72
1710111157702 0.058643571770674474 73
1710111160410 0.05805635661692233 74
1710111161383 0.057809337812501034 75
1710111164095 0.057786991084749634 76
1710111165031 0.05823220245137408 77
1710111167791 0.05765766487331004 78
1710111168707 0.05772498560112876 79
1710111171460 0.05812677244680959 80
1710111174172 0.05763142896262375 81
1710111175130 0.05754458919368886 82
1710111177848 0.05752631783284046 83
1710111178790 0.057287375347034354 84
1710111181492 0.05709332689844273 85
1710111182440 0.05727430896179096 86
1710111185167 0.05696493226128656 87
1710111187847 0.056959559758369985 88
1710111188761 0.056842223212525654 89
1710111189671 0.05658356359077466 90
1710111192345 0.05659512068975616 91
1710111195043 0.056491785184354396 92
1710111195953 0.0562957481254597 93
1710111198672 0.05630825568695326 94
1710111201398 0.0562646111926517 95
1710111202339 0.056086322504120906 96
1710111205047 0.05623827939097946 97
1710111207724 0.05601806707076124 98
1710111210433 0.05607549811939935 99
1710111213164 0.055619152746087794 100
1710111214168 0.05582964968036961 101
1710111215113 0.05573239686924058 102
1710111216047 0.05545791291908638 103
1710111218768 0.05540218415695268 104
1710111219728 0.05549097406501705 105
1710111220677 0.055346269261192634 106
1710111223374 0.055099338444100844 107
1710111224300 0.05548338104744215 108
1710111227032 0.055308257516574214 109
1710111229735 0.05514552345549738 110
1710111232425 0.055068049036167764 111
1710111235045 0.05506882165130731 112
1710111237792 0.05498384982347489 113
1710111240454 0.055003334219391284 114
1710111241362 0.05490524806082249 115
1710111244050 0.054788116093825646 116
1710111246771 0.05478732135851641 117
1710111249488 0.054478261277482315 118
1710111252180 0.0548215328640229 119
1710111254901 0.05459431066505007 120
1710111257613 0.05468769481254591 121
1710111258558 0.05466200987229476 122
1710111261306 0.054590693609537305 123
1710111263977 0.0547469885164016 124
1710111266702 0.054688943539922305 125
1710111269429 0.05468712846773702 126
1710111272198 0.05469204608250309 127
1710111274967 0.05493025979077494 128
1710111277676 0.05478670196356 129
1710111278649 0.05465092170681502 130
1710111281404 0.054718283755151004 131
1710111284124 0.054842575448187623 132
1710111286950 0.05497075212565628 133
1710111289685 0.05485905283004851 134
1710111290634 0.05484723743756075 135
1710111293360 0.054984388087649605 136
1710111296086 0.05521224586142076 137
1710111298773 0.05514424866115725 138
1710111301485 0.05521238307292397 139
1710111304206 0.05529515459328085 140
1710111306973 0.05507326591256503 141
1710111309668 0.05536528705946497 142
1710111312377 0.05530057514237391 143
1710111315067 0.055282236565206505 144
1710111317825 0.055523078214075115 145
1710111320558 0.05558166685136589 146
1710111323310 0.05553905087951067 147
1710111326024 0.05560462339907079 148
1710111328765 0.055611385978959704 149
1710111331449 0.05567382396878423 150
1710111334141 0.055922782350633596 151
1710111336838 0.0558704876919856 152
1710111337784 0.05590242275313751 153
1710111340494 0.05602613583811231 154
1710111343202 0.05609436975540342 155
1710111345918 0.05615243018680328 156
1710111346947 0.05618591550234202 157
1710111349667 0.056234317021192734 158
1710111352381 0.05620591685779997 159
1710111355134 0.056305536496880894 160
1710111357841 0.056379813247838535 161
1710111360533 0.056460226397659324 162
1710111363237 0.05658486026364404 163
1710111365984 0.056652746480461716 164
1710111368697 0.0567042015291549 165
1710111371468 0.056836523900966385 166
1710111374282 0.056944591340583724 167
1710111377056 0.05698445241998982 168
1710111378054 0.05709900914414509 169
1710111378995 0.057203768697139376 170
1710111379944 0.05728522651904338 171
1710111380951 0.0573654718495704 172
1710111383647 0.05755400332446034 173
1710111384613 0.05760082440400446 174
1710111387331 0.05765522233134991 175
1710111388270 0.05784841554390418 176
1710111389204 0.05789886051537217 177
1710111390158 0.05798918370258164 178
1710111391100 0.05810138360672706 179
1710111392034 0.05821718325888788 180
1710111392952 0.058314076398272775 181
1710111393897 0.05839392127016106 182
1710111394852 0.05850280728694555 183
1710111395825 0.058557870631685126 184
1710111396768 0.05864328299019788 185
1710111397743 0.05875581025674537 186
1710111398677 0.05880482694184458 187
1710111399639 0.058875997928348744 188
1710111400612 0.05897570090318048 189
1710111401570 0.05903643423036949 190
1710111402539 0.0590970376254739 191
1710111403510 0.05915464748804634 192
1710111404492 0.05921851850643351 193
1710111405427 0.059276821987854465 194
1710111406386 0.059309143673729255 195
1710111407327 0.059387832094688675 196
1710111408340 0.059401187491980756 197
1710111409330 0.05941513954989008 198
1710111410298 0.05949152418085047 199
1710111411228 0.05954691255213441 200
1710111412145 0.059614767849042606 201
1710111413122 0.0596264809772775 202
1710111414073 0.0596460997655585 203
1710111415024 0.059695650284757484 204
1710111415969 0.05971422050450299 205
1710111416950 0.059734528179506995 206
1710111417901 0.059735692372998674 207
1710111418848 0.05976768857925325 208
1710111419870 0.059784105349634145 209
1710111420897 0.05981973953343726 210
1710111421897 0.05983139073123803 211
1710111422847 0.05984503416394865 212
1710111423787 0.05989420361615516 213
1710111424758 0.05986373721546418 214
1710111425763 0.059901675954461095 215
1710111426741 0.059875496194974794 216
1710111427722 0.05991222875545154 217
1710111428675 0.059935543082050374 218
1710111429621 0.05993221821011724 219
1710111430585 0.059921345074434536 220
1710111431497 0.05992458461708314 221
1710111432391 0.05995762152849017 222
1710111433346 0.059965621488722594 223
1710111434252 0.05995462855978592 224
1710111435183 0.059966751590773866 225
1710111436107 0.0599959405894215 226
1710111437073 0.05996983962485919 227
1710111438012 0.05998516263994011 228
1710111438987 0.060002136270742155 229
1710111439963 0.05998600068930033 230
1710111440873 0.05999482815732827 231
1710111441800 0.05996719458820047 232
1710111442756 0.05997585794208823 233
1710111443719 0.059993987298897794 234
1710111444654 0.05999864714371191 235
1710111445585 0.0599865877044362 236
1710111446560 0.06001476923356185 237
1710111447520 0.05999337944227296 238
1710111448501 0.06002590403564879 239
1710111449497 0.060019284587454154 240
1710111450500 0.06001465814943249 241
1710111451476 0.060009395049230474 242
1710111452519 0.060013442365704356 243
1710111453489 0.06003156943699798 244
1710111454405 0.0600131740743244 245
1710111455367 0.06002318797683394 246
1710111456299 0.06001615551476543 247
1710111457232 0.06001737029165835 248
1710111458148 0.060018691199051365 249
1710111459103 0.06001517454514632 250
1710111460055 0.06002805910601809 251
1710111460987 0.05999562911487914 252
1710111461947 0.06002609104522177 253
1710111462912 0.06002355317610341 254
1710111463905 0.060023905165694856 255
1710111464841 0.06000666150168792 256
1710111465776 0.0600229372950019 257
1710111466705 0.060026007457762154 258
1710111467632 0.0600231572582915 259
1710111468591 0.06000931442186639 260
1710111469561 0.06002726820675103 261
1710111470528 0.06002269220110532 262
1710111471452 0.060016123205423356 263
1710111472425 0.060029839321568204 264
1710111473381 0.06001814794097398 265
1710111474368 0.060026253810202754 266
1710111475292 0.06002825981861836 267
1710111476211 0.06001909384252252 268
1710111477166 0.06001608830851478 269
1710111478147 0.060020929272915864 270
1710111479109 0.06002242670872727 271
1710111480066 0.060027819700740476 272
1710111481074 0.0600263813963613 273
1710111482077 0.060024375508765916 274
1710111483039 0.060031417495495565 275
1710111484031 0.060020847890425374 276
1710111485043 0.06002255530172103 277
1710111486033 0.06002212410440316 278
1710111487056 0.060014009979125614 279
1710111488019 0.06002626760384521 280
1710111488955 0.06001865049270359 281
1710111489923 0.06001776580673617 282
1710111490877 0.06002235616985205 283
1710111491832 0.06002643184887396 284
1710111492789 0.06002882182396747 285
1710111493773 0.0600353754855491 286
1710111494808 0.06002383634850786 287
1710111495742 0.060022476204746475 288
1710111496739 0.060023797192686315 289
1710111497726 0.06002405918127782 290
1710111498706 0.060017201626622996 291
1710111499715 0.060018466272064155 292
1710111500674 0.06003103858313045 293
1710111501625 0.06002610226136607 294
1710111502588 0.06002531451349323 295
1710111503545 0.06002686257297928 296
1710111504510 0.06002474233910844 297
1710111505446 0.06002146799016643 298
1710111506375 0.060030601364937985 299
1710111507395 0.06001860608120222 300
1710111508375 0.06002439950164911 301
1710111509309 0.06002610093234358 302
1710111510251 0.06003360526787268 303
1710111511152 0.0600303431620469 304
1710111512154 0.06002032625916842 305
1710111513081 0.060037062448021525 306
1710111514031 0.06002451301225134 307
1710111514988 0.060020763114900205 308
1710111515973 0.06002062661824999 309
1710111516931 0.06002268182063425 310
1710111517883 0.06002896688878536 311
1710111518843 0.06002186984830611 312
1710111519790 0.060019655767324806 313
1710111520770 0.06002880778868456 314
1710111521712 0.06002799915904934 315
1710111522666 0.06002742610871792 316
1710111523569 0.06002993077241086 317
1710111524498 0.060031941029671076 318
1710111525441 0.060025230744803273 319
1710111526363 0.06003028318487309 320
1710111527296 0.06002314647508634 321
1710111528259 0.06002496535310874 322
1710111529226 0.06002715956923124 323
1710111530240 0.06002683177389003 324
1710111531218 0.060024018968279295 325
1710111532168 0.06003330940934452 326
1710111533121 0.06002289259151832 327
1710111534117 0.06002155270528149 328
1710111535099 0.060027909077502585 329
1710111536080 0.060020609300684286 330
1710111537002 0.06002479642629623 331
1710111537972 0.06002698206418269 332
1710111538908 0.060027889474420934 333
1710111539837 0.06002409762224636 334
1710111540797 0.06002590750923028 335
1710111541715 0.06002228543967814 336
1710111542675 0.060027976424710174 337
1710111543605 0.0600233690762842 338
1710111544533 0.06003090747304865 339
1710111545483 0.06002649664878845 340
1710111546448 0.06002804649037284 341
1710111547454 0.06002746763060222 342
1710111548426 0.060021330919620156 343
1710111549425 0.060028220541976596 344
1710111550380 0.06002237338673424 345
1710111551385 0.06002647786124333 346
1710111552348 0.060029011421106955 347
1710111553294 0.060024761166926975 348
1710111554251 0.06003034553817801 349
1710111555230 0.06002473085111863 350
1710111556200 0.060027419614630775 351
1710111557161 0.06002553591655718 352
1710111558117 0.06002285757378952 353
1710111559073 0.060025970184722464 354
1710111560094 0.060026694401293185 355
1710111561045 0.06002521330641734 356
1710111561987 0.06002746280786153 357
1710111562933 0.06002574204593091 358
1710111563911 0.06002476919140365 359
1710111564855 0.06002808078318029 360
1710111565792 0.06003063801373985 361
1710111566786 0.060025861647886196 362
1710111567770 0.06002514873807495 363
1710111568768 0.0600278295878623 364
1710111569699 0.06002423788446027 365
1710111570624 0.06003039249697247 366
1710111571574 0.06002862450440188 367
1710111572517 0.06002531885295301 368
1710111573425 0.06002444700413459 369
1710111574351 0.06002549267298467 370
1710111575318 0.060026022530085335 371
1710111576290 0.060026748961693535 372
1710111577218 0.06003051623702049 373
1710111578203 0.060029103516324143 374
1710111579123 0.06002593512672025 375
1710111580061 0.06002773012261133 376
1710111580996 0.06002829034586211 377
1710111581960 0.060027256738897916 378
1710111582896 0.06002693067531328 379
1710111583840 0.06002758998121764 380
1710111584809 0.06002772546096428 381
1710111585745 0.06002798433843497 382
1710111586674 0.06002684252689014 383
1710111587602 0.060026194467335134 384
1710111588551 0.06002985181639323 385
1710111589522 0.06002971672931233 386
1710111590492 0.06002523645355895 387
1710111591452 0.06002800082032745 388
1710111592362 0.060030663174551885 389
1710111593294 0.060028215094998075 390
1710111594279 0.06002890147470139 391
1710111595279 0.060027488371407665 392
1710111596217 0.060028430799374706 393
1710111597183 0.06002750457138629 394
1710111598156 0.0600261061276133 395
1710111599145 0.060027053448799494 396
1710111600114 0.06002693798493695 397
1710111601070 0.06002706385947563 398
1710111602020 0.06002636761278719 399
1710111602995 0.06002769153061751 400
1710111603989 0.060027199298948855 401
1710111604959 0.0600270182599087 402
1710111605939 0.060029376127027176 403
1710111606925 0.06002868056498669 404
1710111607880 0.06002727632184286 405
1710111608913 0.06002739317513801 406
1710111609854 0.060026652355854575 407
1710111610823 0.060026735309008004 408
1710111611809 0.06002722823539296 409
1710111612784 0.06002701368887682 410
1710111613769 0.060026599154681774 411
1710111614733 0.060027766580114494 412
1710111615700 0.06002841780113207 413
1710111616718 0.06003037849189462 414
1710111617663 0.06002905184554087 415
1710111618623 0.06002769362483475 416
1710111619584 0.06002845839672798 417
1710111620538 0.06002845439959217 418
1710111621550 0.06002762561311593 419
1710111622483 0.06002818839372815 420
1710111623451 0.060027180833590994 421
1710111624462 0.060028745385037885 422
1710111625416 0.060029136208263605 423
1710111626357 0.060027623669923966 424
1710111627302 0.060026832760588546 425
1710111628254 0.06002912341138801 426
1710111629211 0.06002962576175058 427
1710111630145 0.060027445127835144 428
1710111631068 0.060027966557725056 429
1710111631972 0.060028271729478964 430
1710111632931 0.06003005773433157 431
1710111633903 0.06002804970217718 432
1710111634912 0.06002736404739522 433
1710111635908 0.0600278594505948 434
1710111636889 0.06002851967271921 435
1710111637864 0.0600272799967914 436
1710111638821 0.06002723836415523 437
1710111639777 0.060027758857688386 438
1710111640697 0.060027098112009666 439
1710111641631 0.06002920236740563 440
1710111642578 0.06002829423224604 441
1710111643556 0.0600286803535513 442
1710111644493 0.060028187477508106 443
1710111645438 0.06002810027551007 444
1710111646449 0.06002806862061088 445
1710111647426 0.0600290461569219 446
1710111648371 0.060028866577792814 447
1710111649344 0.06002970226109028 448
1710111650307 0.06002809654015141 449
1710111651266 0.06002761181947347 450
1710111652202 0.0600283572500622 451
1710111653149 0.0600272977170912 452
1710111654065 0.06002882415982517 453
1710111655051 0.0600291954504477 454
1710111656015 0.06002932421460345 455
1710111656998 0.06002823698359567 456
1710111657941 0.06002817301935441 457
1710111658865 0.06002840341345684 458
1710111659783 0.0600287372800144 459
1710111660682 0.06002872445293375 460
1710111661633 0.06002845413781501 461
1710111662576 0.06002752097273195 462
1710111663534 0.060028432380105995 463
1710111664429 0.06002903293717552 464
1710111665376 0.060028669066928525 465
1710111666284 0.06002796373858645 466
1710111667217 0.0600280749938778 467
1710111668187 0.06002811623384824 468
1710111669232 0.060028385189739436 469
1710111670232 0.060028344896194095 470
1710111671174 0.060027713821949186 471
1710111672176 0.0600285142861508 472
1710111673124 0.060028069607309394 473
1710111674129 0.06002830424018808 474
1710111675037 0.06002795776805362 475
1710111675991 0.060027772681535904 476
1710111676995 0.06002844728126719 477
1710111677939 0.060028066778102435 478
1710111678873 0.060027838337260324 479
1710111679866 0.06002829507798762 480
1710111680826 0.060028508657941945 481
1710111681802 0.06002881280272394 482
1710111682745 0.06002830650556732 483
1710111683690 0.06002821097704204 484
1710111684650 0.06002907424762442 485
1710111685727 0.0600283411910405 486
1710111686834 0.06002863261949372 487
1710111687959 0.060028502345085145 488
1710111689096 0.06002842391262184 489
1710111690133 0.060028351893698845 490
1710111691179 0.060028223502072126 491
1710111692226 0.060028249337463764 492
1710111693243 0.06002836517385534 493
1710111694333 0.060028609804607724 494
1710111695337 0.060028169656524785 495
1710111696430 0.06002873209481304 496
1710111697468 0.06002885369030205 497
1710111698483 0.060028673265431376 498
1710111699459 0.06002854193384583 499
1710111700456 0.060028712391047866 500
1710111701513 0.06002844480445256 501
1710111702569 0.0600282702494312 502
1710111703644 0.06002898936134738 503
1710111704874 0.060028496606124415 504
1710111705921 0.06002818336962042 505
1710111706976 0.060028640956089306 506
1710111708039 0.06002884508186095 507
1710111709072 0.060028714575880285 508
1710111710063 0.06002878720897275 509
1710111711130 0.0600281802182262 510
1710111712281 0.06002861677190742 511
1710111713371 0.060028767172951955 512
1710111714530 0.060028460873542605 513
1710111715561 0.06002856662144532 514
1710111716600 0.06002839431166649 515
1710111717637 0.060028435158971195 516
1710111718742 0.06002824893472968 517
1710111719751 0.060028475110192554 518
1710111720845 0.06002865121574015 519
1710111721919 0.0600290020474711 520
1710111723034 0.060028546333715724 521
1710111724221 0.06002856833306519 522
1710111725312 0.06002931062232804 523
1710111726356 0.060028595286043915 524
1710111727412 0.06002882350538228 525
1710111728469 0.060028587724711445 526
1710111729465 0.06002872300309104 527
1710111730573 0.060028637885241896 528
1710111731624 0.06002884299771206 529
1710111732787 0.060029003567792276 530
1710111733836 0.06002889134593912 531
1710111734923 0.060028612261285655 532
1710111736072 0.06002845888000888 533
1710111737104 0.060028924782936637 534
1710111738073 0.06002874796253604 535
1710111739114 0.06002882810661922 536
1710111740154 0.060029020220846746 537
1710111741152 0.06002883212389173 538
1710111742243 0.06002894951080954 539
1710111743334 0.060028946329210256 540
1710111744388 0.06002882903290761 541
1710111745435 0.06002874634153134 542
1710111746636 0.06002881933708449 543
1710111747707 0.06002858300265428 544
1710111748843 0.06002863529767539 545
1710111749877 0.06002881840072773 546
1710111750893 0.06002888722798309 547
1710111751959 0.0600289607571589 548
1710111753040 0.060028749351968634 549
1710111754075 0.06002903937085255 550
1710111755075 0.060028754557306704 551
1710111756101 0.06002865900864472 552
1710111757127 0.0600287389010191 553
1710111758115 0.0600288343389292 554
1710111759092 0.06002884486035721 555
1710111760103 0.06002866272386667 556
1710111761062 0.06002887832755978 557
1710111762130 0.06002850123756641 558
1710111763111 0.06002888790256268 559
1710111764153 0.060028718734109726 560
1710111765129 0.060028783171563536 561
1710111766175 0.0600285996657771 562
1710111767234 0.06002876916648568 563
1710111768344 0.06002889586662924 564
1710111769372 0.06002877102913083 565
1710111770494 0.060028881056083214 566
1710111771653 0.060028708675825916 567
1710111772747 0.060028667315035256 568
1710111773790 0.06002883275819791 569
1710111774797 0.06002858531837528 570
1710111775778 0.06002892050388697 571
1710111776936 0.06002880693287463 572
1710111778128 0.060028884036315455 573
1710111779252 0.0600287724890419 574
1710111780315 0.060028817987925295 575
1710111781380 0.0600288201123476 576
1710111782431 0.06002876548146879 577
1710111783546 0.060028840087958286 578
1710111784586 0.06002882560966788 579
1710111785583 0.0600288874998286 580
1710111786562 0.060028861030130776 581
1710111787507 0.06002883581897697 582
1710111788518 0.06002891878219875 583
1710111789575 0.06002887424987716 584
1710111790752 0.06002885325736291 585
1710111791821 0.060029131274771046 586
1710111792898 0.060028862127581156 587
1710111794016 0.06002886842030126 588
1710111795068 0.06002897170145769 589
1710111796099 0.06002869023060477 590
1710111797242 0.06002885843249592 591
1710111798384 0.06002885583486106 592
1710111799387 0.06002881420222489 593
1710111800366 0.0600290690120813 594
1710111801388 0.06002900844087472 595
1710111802349 0.060028843370241086 596
1710111803333 0.060028921873182865 597
1710111804285 0.06002893995594334 598
1710111805271 0.06002887814632944 599
1710111806237 0.06002887852892683 600
1710111807252 0.06002891093895242 601
1710111808354 0.060028904575753855 602
1710111809378 0.0600290176634853 603
1710111810418 0.06002881509830823 604
1710111811396 0.06002876431353994 605
1710111812378 0.06002885103225708 606
1710111813410 0.06002888150915906 607
1710111814427 0.060028873484682395 608
1710111815450 0.060028892765576776 609
1710111816549 0.06002880508029783 610
1710111817544 0.06002890417301977 611
1710111818539 0.06002888276770308 612
1710111819521 0.060028965449011006 613
1710111820538 0.06002878921257483 614
1710111821511 0.06002877130097634 615
1710111822569 0.06002892650462486 616
1710111823534 0.06002878430928733 617
1710111824496 0.06002888512369749 618
1710111825471 0.06002893867726262 619
1710111826415 0.060028775338385555 620
1710111827481 0.06002892285988137 621
1710111828436 0.060028881650115995 622
1710111829401 0.06002888522438101 623
1710111830391 0.06002884836414376 624
1710111831353 0.060028895514236916 625
1710111832357 0.06002891151284849 626
1710111833411 0.060028936794480764 627
1710111834422 0.06002892678653872 628
1710111835383 0.0600289633245887 629
1710111836377 0.060029009800102257 630
1710111837356 0.060028904616027265 631
1710111838354 0.06002895536052214 632
1710111839298 0.060028914845473055 633
1710111840301 0.06002885271367189 634
1710111841260 0.0600288947591105 635
1710111842260 0.06002893148845918 636
1710111843196 0.06002886268134053 637
1710111844155 0.06002892391705835 638
1710111845130 0.06002894506059788 639
1710111846135 0.060028879787470846 640
1710111847251 0.06002892432986079 641
1710111848475 0.060028934237119316 642
1710111849706 0.060028931780441386 643
1710111851139 0.06002894507066624 644
1710111852538 0.060028911200729576 645
1710111853905 0.0600289199501276 646
1710111855348 0.06002886032534612 647
1710111856814 0.06002886149327497 648
1710111858282 0.06002891499649834 649
1710111859590 0.06002902825539177 650
1710111860908 0.06002888483171528 651
1710111862133 0.060028855623425664 652
1710111863320 0.06002886174498378 653
1710111864554 0.06002892386671659 654
1710111865793 0.06002892057436544 655
1710111866996 0.060028889372542096 656
1710111868195 0.06002888434843437 657
1710111869465 0.06002900619563219 658
1710111870773 0.060028922718924446 659
1710111872088 0.060028907767421494 660
1710111873425 0.06002891749344968 661
1710111874723 0.06002894963162976 662
1710111876088 0.06002893201201349 663
1710111877399 0.06002894425512971 664
1710111878679 0.06002889718558337 665
1710111879999 0.06002894615804827 666
1710111881263 0.060028943419456485 667
1710111882552 0.06002894689303798 668
1710111883779 0.06002897767199052 669
1710111885013 0.06002893686495923 670
1710111886258 0.060028933723633354 671
1710111887462 0.06002897830629671 672
1710111888718 0.060028977531033596 673
1710111889989 0.06002890721366212 674
1710111891260 0.060028943258362846 675
1710111892511 0.0600289574748761 676
1710111893763 0.060028893339472846 677
1710111894932 0.060028998775256644 678
1710111896111 0.06002901244807888 679
1710111897235 0.06002892456143289 680
1710111898364 0.060028946782286104 681
1710111899573 0.06002894380205386 682
1710111900748 0.06002895165536855 683
1710111901978 0.06002894841335915 684
1710111903197 0.06002897897080795 685
1710111904453 0.06002891594292344 686
1710111905683 0.060028920161563 687
1710111906862 0.06002894862479455 688
1710111907927 0.06002893653270361 689
1710111909167 0.06002893888869801 690
1710111910399 0.06002898257527802 691
1710111911691 0.06002893617024293 692
1710111912995 0.06002894672187599 693
1710111914155 0.06002897666515531 694
1710111915342 0.06002896454285931 695
1710111916598 0.06002895011491067 696
1710111917853 0.06002894081175327 697
1710111919065 0.06002895160502679 698
1710111920330 0.06002895200776087 699
1710111921566 0.060028983642523355 700
1710111922765 0.06002899159652156 701
1710111923997 0.06002897041270862 702
1710111925158 0.06002896842924324 703
1710111926432 0.06002895384020097 704
1710111927658 0.06002895018538913 705
1710111928949 0.0600289687111571 706
1710111930198 0.06002899042859271 707
1710111931460 0.06002896280103438 708
1710111932705 0.06002896179419917 709
1710111933950 0.06002897767199052 710
1710111935207 0.06002898860622097 711
1710111936455 0.06002898055153924 712
1710111937701 0.06002896135119168 713
1710111938958 0.06002897499380885 714
1710111940279 0.060028951584890085 715
1710111941492 0.060028967150562516 716
1710111942719 0.06002894462765874 717
1710111943984 0.06002900009421078 718
1710111945251 0.06002899014667885 719
1710111946453 0.06002896178413082 720
1710111947654 0.060028947829394726 721
1710111948850 0.0600289649858668 722
1710111950084 0.06002897858821057 723
1710111951301 0.06002895702180025 724
1710111952571 0.060028963072879894 725
1710111953765 0.06002899709384184 726
1710111954967 0.06002894756761757 727
1710111956212 0.06002896780500541 728
1710111957456 0.06002895810918228 729
1710111958681 0.06002897107721986 730
1710111959914 0.06002896615379565 731
1710111961081 0.06002898063208606 732
1710111962244 0.060028972325695526 733
1710111963429 0.060028940912436796 734
1710111964644 0.06002895632708395 735
1710111965818 0.06002898242425274 736
1710111967023 0.060028970916126224 737
1710111968307 0.06002898511250277 738
1710111969518 0.06002898431710295 739
1710111970747 0.06002896393875818 740
1710111971987 0.06002899012654214 741
1710111973190 0.06002898318944751 742
1710111974449 0.060028956357289005 743
1710111975624 0.060028981417417526 744
1710111976831 0.0600289922610328 745
1710111977942 0.060028969456215164 746
1710111979065 0.060028966335025996 747
1710111980220 0.060028982061792066 748
1710111981413 0.0600289822430224 749
1710111982599 0.060028972728429615 750
1710111983767 0.060028976282557926 751
1710111984980 0.06002897643358321 752
1710111986123 0.06002897564825174 753
1710111987291 0.0600289749837405 754
1710111988415 0.060028953850269316 755
1710111989592 0.06002897103694645 756
1710111990789 0.06002896543894265 757
1710111991966 0.060028977943836034 758
1710111993172 0.06002896757343331 759
1710111994370 0.06002897962525084 760
1710111995602 0.060028965459079354 761
1710111996730 0.06002897308082194 762
1710111997911 0.06002897085571611 763
1710111999120 0.060028966294752586 764
1710112000284 0.06002895572298282 765
1710112001404 0.060028970181136516 766
1710112002567 0.06002897249685751 767
1710112003734 0.06002895537059049 768
1710112004927 0.06002896919443801 769
1710112006053 0.0600289654288743 770
1710112007299 0.06002897183234627 771
1710112008522 0.06002897817540813 772
1710112009667 0.06002898928080056 773
1710112010827 0.060028966667281615 774
1710112012070 0.06002898018907856 775
1710112013257 0.06002896178413082 776
1710112014433 0.06002897914196994 777
1710112015557 0.060028962982264726 778
1710112016718 0.060028962388231945 779
1710112017890 0.06002896234795854 780
1710112019034 0.06002896960724045 781
1710112020206 0.06002896579133498 782
1710112021356 0.06002897627248957 783
1710112022539 0.060028974842783564 784
1710112023718 0.0600289691541646 785
1710112024897 0.06002897587982384 786
1710112026095 0.060028967321724504 787
1710112027303 0.0600289738057433 788
1710112028518 0.06002896454285931 789
1710112029780 0.060028962146591494 790
1710112030988 0.06002898241418439 791
1710112032182 0.060028967281451094 792
1710112033372 0.060028964925456695 793
1710112034577 0.06002897437963937 794
1710112035794 0.06002896443210744 795
1710112036986 0.060028962952059665 796
1710112038243 0.06002896015305777 797
1710112039455 0.060028970795306 798
1710112040657 0.060028974228614085 799
1710112041830 0.060028972164601895 800
1710112043018 0.06002897578920867 801
1710112044245 0.06002896467374789 802
1710112045474 0.060028960596065266 803
1710112046736 0.060028977269256434 804
1710112047927 0.06002897651413003 805
1710112049211 0.06002897154036406 806
1710112050509 0.06002897825595495 807
1710112051789 0.06002896324404188 808
1710112053059 0.060028973584239545 809
1710112054285 0.060028969899222656 810
1710112055364 0.060028973020411824 811
1710112056556 0.06002897869896244 812
1710112057700 0.06002897427895584 813
1710112058769 0.060028972204875304 814
1710112059805 0.06002897527572271 815
1710112060789 0.060028976655086955 816
1710112062018 0.06002897129872361 817
1710112063149 0.06002897659467684 818
1710112064160 0.060028976373173094 819
1710112065259 0.060028985505168504 820
1710112066309 0.06002897655440343 821
1710112067377 0.060028971510159006 822
1710112068502 0.06002897848752705 823
1710112069565 0.06002896922464306 824
1710112070651 0.060028963344725406 825
1710112071759 0.06002897092619458 826
1710112072802 0.0600289728995916 827
1710112073874 0.06002897288952325 828
1710112074976 0.060028976000644066 829
1710112076122 0.060028972003508256 830
1710112077190 0.06002897557777327 831
1710112078254 0.06002897714843621 832
1710112079385 0.06002898180001491 833
1710112080585 0.06002897923258511 834
1710112081627 0.06002897777267405 835
1710112082679 0.060028982756508364 836
1710112083718 0.06002897322177887 837
1710112084724 0.06002897777267405 838
1710112085759 0.06002896999990618 839
1710112086856 0.06002897760151206 840
1710112087870 0.06002896922464306 841
1710112088887 0.06002897723905138 842
1710112089870 0.06002897163097923 843
1710112090841 0.060028973302325685 844
1710112091993 0.060028974792441805 845
1710112092993 0.06002896966765056 846
1710112093985 0.060028969043412726 847
1710112094937 0.060028976695360364 848
1710112095896 0.06002897347348767 849
1710112096831 0.06002897937354204 850
1710112097805 0.06002897251699422 851
1710112098821 0.06002897324191558 852
1710112099844 0.060028970060316295 853
1710112100863 0.06002897588989219 854
1710112101780 0.06002897953463567 855
1710112102816 0.06002897764178547 856
1710112103703 0.06002897852780046 857
1710112104648 0.06002897416820397 858
1710112105618 0.060028978437185285 859
1710112106566 0.060028970261683336 860
1710112107511 0.06002896442203908 861
1710112108529 0.0600289712584502 862
1710112109554 0.06002897355403449 863
1710112110496 0.06002897630269463 864
1710112111491 0.06002898073276958 865
1710112112420 0.060028977621648764 866
1710112113394 0.06002897626242122 867
1710112114314 0.060028974027247044 868
1710112115298 0.06002897170145769 869
1710112116242 0.06002897042277697 870
1710112117249 0.06002897226528541 871
1710112118306 0.06002897505421896 872
1710112119297 0.060028972365968936 873
1710112120347 0.060028970593938955 874
1710112121293 0.060028970664417425 875
1710112122215 0.06002897799417779 876
1710112123120 0.06002897181220957 877
1710112124066 0.0600289742890242 878
1710112124973 0.06002897490319368 879
1710112125940 0.060028972980138415 880
1710112126987 0.06002897078523765 881
1710112127996 0.06002896950655692 882
1710112128972 0.06002897466155323 883
1710112129929 0.060028977661922174 884
1710112130886 0.060028973382872504 885
1710112131843 0.060028973825879996 886
1710112132810 0.06002898052133419 887
1710112133761 0.06002897797404109 888
1710112134731 0.06002897469175828 889
1710112135782 0.06002897480251016 890
1710112136714 0.06002897909162818 891
1710112137688 0.06002897678597553 892
1710112138641 0.060028972980138415 893
1710112139589 0.06002897690679576 894
1710112140559 0.0600289742890242 895
1710112141572 0.06002897554756822 896
1710112142624 0.0600289759100289 897
1710112143562 0.06002897599057571 898
1710112144486 0.06002897556770492 899
1710112145447 0.06002896927498482 900
1710112146438 0.060028971228245145 901
1710112147379 0.06002897554756822 902
1710112148362 0.0600289766248819 903
1710112149311 0.060028976040917476 904
1710112150283 0.060028976373173094 905
1710112151304 0.06002897537640623 906
1710112152302 0.06002897541667964 907
1710112153319 0.060028976332899685 908
1710112154284 0.06002897494346709 909
1710112155422 0.06002897857814222 910
1710112156588 0.060028978235818244 911
1710112157710 0.06002897554756822 912
1710112158870 0.06002898161878457 913
1710112160002 0.06002897525558601 914
1710112161133 0.060028973262052275 915
1710112162282 0.060028973020411824 916
1710112163435 0.0600289756985935 917
1710112164475 0.060028971600774174 918
1710112165441 0.060028975759003615 919
1710112166488 0.06002897439977607 920
1710112167489 0.060028976373173094 921
1710112168553 0.06002897886005608 922
1710112169602 0.06002897741021337 923
1710112170645 0.0600289784975954 924
1710112171634 0.06002897727932479 925
1710112172586 0.06002897694706917 926
1710112173509 0.060028974218545736 927
1710112174551 0.06002897610132759 928
1710112175460 0.06002897525558601 929
1710112176451 0.06002897926279017 930
1710112177394 0.06002897829622836 931
1710112178348 0.06002897624228452 932
1710112179460 0.060028977218914675 933
1710112180535 0.06002897829622836 934
1710112181525 0.06002897557777327 935
1710112182514 0.06002897671549707 936
1710112183534 0.06002897799417779 937
1710112184558 0.06002897941381544 938
1710112185646 0.060028980853589806 939
1710112186700 0.060028977500828536 940
1710112187744 0.060028978759372555 941
1710112188801 0.06002897943395215 942
1710112189882 0.060028977420281716 943
1710112191116 0.060028976926932466 944
1710112192272 0.06002898092406827 945
1710112193409 0.06002898027969373 946
1710112194544 0.06002897798410944 947
1710112195535 0.060028977873357564 948
1710112196675 0.06002897435950266 949
1710112197729 0.06002897555763657 950
1710112198782 0.060028977339734904 951
1710112199847 0.06002897802438285 952
1710112200967 0.06002897497367214 953
1710112201904 0.060028975799277025 954
1710112202881 0.060028977218914675 955
1710112203834 0.06002897611139594 956
1710112204806 0.06002897648392497 957
1710112205816 0.060028978155271424 958
1710112206848 0.060028979111764885 959
1710112207803 0.060028977208846326 960
1710112208717 0.06002897656447179 961
1710112209718 0.06002897748069183 962
1710112210701 0.06002897889026113 963
1710112211711 0.060028979846754586 964
1710112212684 0.06002897927285852 965
1710112213645 0.060028977500828536 966
1710112214663 0.06002897718870962 967
1710112215615 0.060028978386843526 968
1710112216628 0.06002898003805328 969
1710112217591 0.060028980410582314 970
1710112218584 0.060028980048121634 971
1710112219530 0.06002897808479296 972
1710112220514 0.06002897852780046 973
1710112221483 0.06002897817540813 974
1710112222444 0.060028979353405336 975
1710112223382 0.06002898005818998 976
1710112224418 0.06002898031996714 977
1710112225408 0.060028978104929666 978
1710112226412 0.06002897844725364 979
1710112227428 0.06002897895067125 980
1710112228437 0.06002898026962538 981
1710112229570 0.06002897610132759 982
1710112230620 0.06002897714843621 983
1710112231659 0.06002897723905138 984
1710112232670 0.06002897788342592 985
1710112233684 0.060028978467390345 986
1710112234602 0.0600289789406029 987
1710112235533 0.060028980239420326 988
1710112236508 0.0600289801186001 989
1710112237471 0.060028980863658155 990
1710112238454 0.06002897775253734 991
1710112239510 0.06002897836670682 992
1710112240533 0.06002897840698023 993
1710112241609 0.060028978668757386 994
1710112242669 0.060028978668757386 995
1710112243684 0.06002897998771152 996
1710112244698 0.06002898021928362 997
1710112245583 0.06002898067235947 998
1710112246589 0.060028980903931564 999
