1710188406614 0.40672804618423636 0
1710188409644 0.3498132283037359 1
1710188411793 0.2898127307946032 2
1710188413930 0.27760072729804297 3
1710188416081 0.2413934814659032 4
1710188418202 0.23017171296206387 5
1710188420305 0.2229370576414195 6
1710188422467 0.21817180040207776 7
1710188424679 0.2003114792433652 8
1710188426821 0.1952402601865205 9
1710188429044 0.1681834523650733 10
1710188431255 0.1856648844074119 11
1710188433549 0.16201673719015988 12
1710188435755 0.15911256047812375 13
1710188437921 0.14870911396362566 14
1710188440177 0.14532886411656032 15
1710188442315 0.14080254869027573 16
1710188444626 0.1346468370069157 17
1710188446799 0.1279922899874774 18
1710188448951 0.11951036311008713 19
1710188449133 0.12535747682506387 20
1710188449344 0.11733285269953987 21
1710188449559 0.1171293817460537 22
1710188451687 0.10527241771871393 23
1710188453852 0.1098044016821818 24
1710188456048 0.10287736390124667 25
1710188456243 0.1005316126075658 26
1710188458519 0.10246345874938098 27
1710188460688 0.09633241068910468 28
1710188460870 0.09431675347414883 29
1710188461069 0.09682330353693529 30
1710188463253 0.0865033201195977 31
1710188465439 0.08640067042274908 32
1710188467699 0.08952008052305742 33
1710188469826 0.0855273265730251 34
1710188471971 0.08438670313493772 35
1710188472169 0.08655748313123529 36
1710188472356 0.07772514596581459 37
1710188474533 0.07842939617958936 38
1710188474732 0.07871056432751092 39
1710188474935 0.07895786467600953 40
1710188477095 0.07346746156161482 41
1710188479283 0.07523221912031824 42
1710188481424 0.07535631717606024 43
1710188483640 0.07083309526470574 44
1710188483848 0.07490162906998937 45
1710188486094 0.07120252993296493 46
1710188488227 0.07340862331065265 47
1710188490362 0.07064485211264003 48
1710188490566 0.07001972384750843 49
1710188490759 0.06879985688084905 50
1710188490966 0.06748851913620126 51
1710188493259 0.06933968835933642 52
1710188495434 0.0677835846489126 53
1710188497578 0.06723417815836993 54
1710188497787 0.06644903580573472 55
1710188497980 0.06630158373578028 56
1710188498175 0.06463112191043117 57
1710188498361 0.06525486352091486 58
1710188500522 0.06486944921992042 59
1710188502710 0.062019911679354583 60
1710188504874 0.060606671327894386 61
1710188505083 0.0657955025407401 62
1710188505304 0.06595553864132274 63
1710188507580 0.059188113124533134 64
1710188507772 0.06326679970053109 65
1710188510051 0.05860736932266842 66
1710188512345 0.06421827389435335 67
1710188514569 0.059481394392522896 68
1710188516851 0.06153783371502703 69
1710188517045 0.06446835466406563 70
1710188519317 0.06098458323289047 71
1710188521678 0.06099300679158081 72
1710188521909 0.059132814068685875 73
1710188524267 0.059457747943022034 74
1710188526499 0.056088426065715874 75
1710188528741 0.057221865112131294 76
1710188528940 0.05637530796229839 77
1710188529161 0.057020990177989006 78
1710188529375 0.05780873193659566 79
1710188529597 0.056205119768326935 80
1710188531822 0.05614724501290105 81
1710188531996 0.05505993962287903 82
1710188534183 0.05762649327516556 83
1710188534362 0.05593792620030316 84
1710188536568 0.057491137222810226 85
1710188536783 0.054856940765272484 86
1710188536985 0.057460433718833054 87
1710188537169 0.05688023194670677 88
1710188537358 0.054607349024577576 89
1710188539610 0.05556676248935136 90
1710188539798 0.054836607284166596 91
1710188539980 0.054365996102040466 92
1710188542283 0.05381023341959173 93
1710188544452 0.05322723158381202 94
1710188546605 0.052664989944208755 95
1710188548712 0.05598545667122711 96
1710188548891 0.05332952822473916 97
1710188549098 0.054847521876746956 98
1710188551253 0.05226547169414433 99
