1710195096823 0.7620299729433927 0
1710195099850 0.5453408089551058 1
1710195102077 0.4206979383121837 2
1710195104234 0.35691138289191504 3
1710195106404 0.31485738266598096 4
1710195108562 0.27128804610534146 5
1710195110817 0.2548424608328126 6
1710195112985 0.2501118684356863 7
1710195115102 0.23683605072173206 8
1710195117303 0.2180703871629455 9
1710195119378 0.217830821194432 10
1710195121445 0.19087746671654962 11
1710195123551 0.18380418216640299 12
1710195125767 0.18251045522364703 13
1710195127927 0.1753547266125679 14
1710195130090 0.17239642041650685 15
1710195132229 0.18239755860783838 16
1710195134449 0.15774426846341652 17
1710195136788 0.15534090115265412 18
1710195138991 0.1421685012226755 19
1710195141127 0.14583407884294336 20
1710195143187 0.13721661642193794 21
1710195145348 0.13598006794398482 22
1710195147705 0.13789090852845798 23
1710195149928 0.1281664056534117 24
1710195152073 0.12417901036414233 25
1710195152233 0.13474772972139445 26
1710195154443 0.11865616792982275 27
1710195156705 0.11747282337058675 28
1710195159409 0.11883586137132211 29
1710195161933 0.11290595985271713 30
1710195164230 0.1085648238658905 31
1710195166499 0.10588108951395209 32
1710195168719 0.10378567468036305 33
1710195168900 0.10342626307498325 34
1710195171114 0.10567480664361607 35
1710195173321 0.1008015281774781 36
1710195173491 0.10289146480235187 37
1710195175805 0.10011528567834334 38
1710195175988 0.09429841183803299 39
1710195178210 0.09735014255751263 40
1710195180405 0.0933226313103329 41
1710195182600 0.09097701954570683 42
1710195182756 0.09564170038158243 43
1710195182916 0.09436241740530188 44
1710195185285 0.08738740127195012 45
1710195187722 0.08671825277534398 46
1710195187891 0.08882670527832075 47
1710195190200 0.0825618774714795 48
1710195192375 0.08283627947623079 49
1710195194569 0.08265618878332051 50
1710195196753 0.08024844561110843 51
1710195199037 0.07933536341244524 52
1710195199284 0.08236720429902727 53
1710195199518 0.0794268785552545 54
1710195202133 0.0812606533819979 55
1710195204754 0.076602503657341 56
1710195204916 0.07504878531802785 57
1710195205078 0.0772270489145409 58
1710195207375 0.07571455006572334 59
1710195209635 0.07715206457809969 60
1710195209806 0.07305657948282632 61
1710195209969 0.0707058014178818 62
1710195212236 0.07274318198588761 63
1710195214517 0.07094916345720942 64
1710195216776 0.07304517061195591 65
1710195217007 0.07113177397034386 66
1710195219277 0.0714723721823909 67
1710195219436 0.07339173538441007 68
1710195221665 0.07037699222564697 69
1710195224080 0.06528314118358222 70
1710195226341 0.06776496497067538 71
1710195226544 0.06624754145741463 72
1710195226723 0.06924214518883011 73
1710195229054 0.06672951291230592 74
1710195231457 0.06915378824553707 75
1710195231628 0.0675284584814852 76
1710195233919 0.06304426084865224 77
1710195236210 0.06694871678271076 78
1710195236371 0.06371665610508485 79
1710195236549 0.06652764484963634 80
1710195236715 0.06048023531382734 81
1710195238957 0.06398983299732208 82
1710195241204 0.0633199458772486 83
1710195243399 0.0654959019950845 84
1710195243586 0.06172679754143411 85
1710195243766 0.0619703277268193 86
1710195245996 0.06531396355818618 87
1710195248240 0.06304645098068497 88
1710195248394 0.061727884310213005 89
1710195250604 0.061998374929482285 90
1710195250764 0.06162343800745227 91
1710195250926 0.05926785143938931 92
1710195253223 0.05828492394225164 93
1710195255505 0.0610640330070799 94
1710195257745 0.060734885998747566 95
1710195260025 0.05782224051654339 96
1710195260202 0.05734763616188006 97
1710195262616 0.059032496911558235 98
1710195262826 0.059804536402225494 99
